VGG16_avgf_1_global AVG [-0.8827533333333333, 0.7584703846153845, 0.7714153846153846, 0.7769084615384616, 0.779631923076923, 0.7747669230769231, 0.7758742307692307, 0.771671923076923, 0.7732907692307691, 0.776851923076923, 0.7701980769230771, 0.7752223076923078, 0.769931153846154, 0.7716338461538462, 0.7702661538461538, 0.7712146153846153, 0.7755061538461537, 0.7736619230769229, 0.7726946153846153, 0.772528076923077, 0.7733076923076924, 0.7736073076923078, 0.7726623076923078, 0.7708057692307692, 0.778263076923077, 0.7704276923076925, 0.773938846153846, 0.7721800000000001, 0.7736156, 0.7752587499999999, 0.7759504166666665, 0.7744416666666666, 0.7760529166666665, 0.7738541666666666, 0.7741437499999999, 0.7771175000000001, 0.7752804347826087, 0.7756504347826088, 0, 0, 0, 0, 0, 0, 0, 0, 0, 0, 0, 0, 0, 0, 0, 0, 0, 0, 0, 0, 0, 0, 0, 0, 0, 0, 0, 0, 0, 0, 0, 0, 0, 0, 0, 0, 0, 0, 0, 0, 0, 0, 0, 0, 0, 0, 0, 0, 0, 0, 0, 0, 0, 0, 0, 0, 0, 0, 0, 0, 0, 0, 0, 0, 0, 0, 0, 0, 0, 0, 0, 0, 0, 0, 0, 0, 0, 0, 0, 0, 0, 0, 0, 0, 0, 0, 0, 0, 0, 0, 0, 0, 0, 0, 0, 0, 0, 0, 0, 0, 0, 0, 0, 0, 0, 0, 0, 0, 0, 0, 0, 0, 0, 0, 0, 0, 0, 0, 0, 0, 0, 0, 0, 0, 0, 0, 0, 0, 0, 0, 0, 0, 0, 0, 0, 0, 0, 0, 0, 0, 0, 0, 0, 0, 0, 0, 0, 0, 0, 0, 0, 0, 0, 0, 0, 0, 0, 0, 0, 0, 0, 0]
VGG16_avgf_1_global AVG_max_line 0.779631923076923
sum(a) / len(a) = 0.7734674912079303, > 0.7
========
AM_AT_FIRST_THEN_CL_TWO_LOSS_avgf_1_global AVG [-1.0, 0.40545684210526317, 0.4159063157894737, 0.4002384210526316, 0.40972947368421053, 0.4107584210526316, 0.40558263157894736, 0.40922000000000003, 0.41036789473684215, 0.40153105263157896, 0.40906315789473685, 0.4190457894736842, 0.407658947368421, 0.41179842105263154, 0.4119531578947368, 0.4025594736842106, 0.4168794736842106, 0.4151857894736842, 0.41331631578947375, 0.41679947368421055, 0.4153973684210526, 0.4124068421052632, 0.40958157894736835, 0.4155605263157895, 0.42208894736842106, 0.41769368421052633, 0.7802252631578948, 0.7810621052631579, 0.7810463157894736, 0.7798933333333332, 0.7799938888888889, 0.7798777777777777, 0.7808638888888889, 0.7793883333333333, 0.7803061111111113, 0.7809383333333333, 0.7823941176470589, 0.783214117647059, 0, 0, 0, 0, 0, 0, 0, 0, 0, 0, 0, 0, 0, 0, 0, 0, 0, 0, 0, 0, 0, 0, 0, 0, 0, 0, 0, 0, 0, 0, 0, 0, 0, 0, 0, 0, 0, 0, 0, 0, 0, 0, 0, 0, 0, 0, 0, 0, 0, 0, 0, 0, 0, 0, 0, 0, 0, 0, 0, 0, 0, 0, 0, 0, 0, 0, 0, 0, 0, 0, 0, 0, 0, 0, 0, 0, 0, 0, 0, 0, 0, 0, 0, 0, 0, 0, 0, 0, 0, 0, 0, 0, 0, 0, 0, 0, 0, 0, 0, 0, 0, 0, 0, 0, 0, 0, 0, 0, 0, 0, 0, 0, 0, 0, 0, 0, 0, 0, 0, 0, 0, 0, 0, 0, 0, 0, 0, 0, 0, 0, 0, 0, 0, 0, 0, 0, 0, 0, 0, 0, 0, 0, 0, 0, 0, 0, 0, 0, 0, 0, 0, 0, 0, 0, 0, 0, 0, 0, 0, 0, 0, 0]
AM_AT_FIRST_THEN_CL_TWO_LOSS_avgf_1_global AVG_max_line 0.783214117647059
sum(a) / len(a) = 0.7807669655142759 > 0.7
========
TWO_LOSS_WITH_AM_avgf_1_global AVG [-1.0, 0.7103038095238096, 0.71427125, 0.708570625, 0.7080243749999999, 0.6983266666666667, 0.6904593333333333, 0.7272, 0.7173060000000001, 0.7146786666666666, 0.7118171428571428, 0.7273869230769231, 0.7421491666666666, 0.7272083333333335, 0.7481718181818183, 0.7397445454545455, 0.7749563636363637, 0.777023, 0.7815449999999998, 0.7860090000000001, 0.7840640000000001, 0.7829222222222223, 0.7847611111111112, 0.7859211111111111, 0.7817111111111111, 0.7809333333333333, 0.7874911111111111, 0.7859555555555555, 0.7817875, 0.78304, 0.7830385714285715, 0.7844342857142858, 0.7851142857142858, 0.7852557142857144, 0.78976, 0.7851228571428572, 0.7835142857142857, 0.7839485714285713, 0, 0, 0, 0, 0, 0, 0, 0, 0, 0, 0, 0, 0, 0, 0, 0, 0, 0, 0, 0, 0, 0, 0, 0, 0, 0, 0, 0, 0, 0, 0, 0, 0, 0, 0, 0, 0, 0, 0, 0, 0, 0, 0, 0, 0, 0, 0, 0, 0, 0, 0, 0, 0, 0, 0, 0, 0, 0, 0, 0, 0, 0, 0, 0, 0, 0, 0, 0, 0, 0, 0, 0, 0, 0, 0, 0, 0, 0, 0, 0, 0, 0, 0, 0, 0, 0, 0, 0, 0, 0, 0, 0, 0, 0, 0, 0, 0, 0, 0, 0, 0, 0, 0, 0, 0, 0, 0, 0, 0, 0, 0, 0, 0, 0, 0, 0, 0, 0, 0, 0, 0, 0, 0, 0, 0, 0, 0, 0, 0, 0, 0, 0, 0, 0, 0, 0, 0, 0, 0, 0, 0, 0, 0, 0, 0, 0, 0, 0, 0, 0, 0, 0, 0, 0, 0, 0, 0, 0, 0, 0, 0, 0]
TWO_LOSS_WITH_AM_avgf_1_global AVG_max_line 0.78976
sum(a) / len(a) = 0.7610040470394687, > 0.7
>>> d = list(filter(lambda x: x > 0.77, d))
>>> sum(d) / len(d)
0.7835594995736586
>>>
========
ONE_LOSS_WITH_AM_avgf_1_global AVG [-1.0, 0.7153868181818182, 0.7171139999999999, 0.7083269999999999, 0.7132410000000001, 0.7101147368421054, 0.7057347368421053, 0.7087026315789474, 0.7144236842105263, 0.7063405263157896, 0.7054763157894737, 0.7098921052631578, 0.711695, 0.7080022222222222, 0.7092094444444444, 0.714189411764706, 0.7125535294117646, 0.7147870588235293, 0.71581625, 0.71727, 0.7159406666666666, 0.7076986666666667, 0.7097953333333334, 0.7154226666666667, 0.7148946666666666, 0.7114442857142859, 0.7214485714285716, 0.7190678571428573, 0.7126807692307693, 0.715076923076923, 0.7110684615384616, 0.7225646153846156, 0.7197492307692307, 0.7197199999999999, 0.7149923076923076, 0.7210476923076924, 0.7211733333333332, 0.7217608333333333, 0, 0, 0, 0, 0, 0, 0, 0, 0, 0, 0, 0, 0, 0, 0, 0, 0, 0, 0, 0, 0, 0, 0, 0, 0, 0, 0, 0, 0, 0, 0, 0, 0, 0, 0, 0, 0, 0, 0, 0, 0, 0, 0, 0, 0, 0, 0, 0, 0, 0, 0, 0, 0, 0, 0, 0, 0, 0, 0, 0, 0, 0, 0, 0, 0, 0, 0, 0, 0, 0, 0, 0, 0, 0, 0, 0, 0, 0, 0, 0, 0, 0, 0, 0, 0, 0, 0, 0, 0, 0, 0, 0, 0, 0, 0, 0, 0, 0, 0, 0, 0, 0, 0, 0, 0, 0, 0, 0, 0, 0, 0, 0, 0, 0, 0, 0, 0, 0, 0, 0, 0, 0, 0, 0, 0, 0, 0, 0, 0, 0, 0, 0, 0, 0, 0, 0, 0, 0, 0, 0, 0, 0, 0, 0, 0, 0, 0, 0, 0, 0, 0, 0, 0, 0, 0, 0, 0, 0, 0, 0, 0, 0]
ONE_LOSS_WITH_AM_avgf_1_global AVG_max_line 0.7225646153846156
========
========
========
========
VGG16_avgrecall_global AVG [-0.882938, 0.7935065384615382, 0.7888484615384616, 0.7884442307692309, 0.7887280769230769, 0.7804650000000001, 0.7816299999999999, 0.7770292307692308, 0.7819507692307693, 0.7877123076923078, 0.7769503846153847, 0.7811373076923077, 0.7715976923076924, 0.7777807692307692, 0.7703415384615384, 0.7796350000000001, 0.7845857692307692, 0.7829146153846154, 0.7790503846153847, 0.7796015384615387, 0.7781588461538463, 0.7867219230769231, 0.7824553846153847, 0.7755107692307692, 0.7885888461538463, 0.773796923076923, 0.7899215384615386, 0.7779953846153845, 0.7780376, 0.7855570833333334, 0.78409, 0.7857420833333334, 0.7865095833333332, 0.7786091666666667, 0.7814241666666666, 0.7878116666666665, 0.7847234782608699, 0.7812226086956521, 0, 0, 0, 0, 0, 0, 0, 0, 0, 0, 0, 0, 0, 0, 0, 0, 0, 0, 0, 0, 0, 0, 0, 0, 0, 0, 0, 0, 0, 0, 0, 0, 0, 0, 0, 0, 0, 0, 0, 0, 0, 0, 0, 0, 0, 0, 0, 0, 0, 0, 0, 0, 0, 0, 0, 0, 0, 0, 0, 0, 0, 0, 0, 0, 0, 0, 0, 0, 0, 0, 0, 0, 0, 0, 0, 0, 0, 0, 0, 0, 0, 0, 0, 0, 0, 0, 0, 0, 0, 0, 0, 0, 0, 0, 0, 0, 0, 0, 0, 0, 0, 0, 0, 0, 0, 0, 0, 0, 0, 0, 0, 0, 0, 0, 0, 0, 0, 0, 0, 0, 0, 0, 0, 0, 0, 0, 0, 0, 0, 0, 0, 0, 0, 0, 0, 0, 0, 0, 0, 0, 0, 0, 0, 0, 0, 0, 0, 0, 0, 0, 0, 0, 0, 0, 0, 0, 0, 0, 0, 0, 0, 0]
VGG16_avgrecall_global AVG_max_line 0.7935065384615382
========
AM_AT_FIRST_THEN_CL_TWO_LOSS_avgrecall_global AVG [-1.0, 0.38756526315789475, 0.40697631578947374, 0.39274315789473685, 0.3981184210526316, 0.4012921052631578, 0.39634842105263157, 0.3970999999999999, 0.4046389473684211, 0.39222947368421057, 0.40068105263157894, 0.4136878947368421, 0.40371473684210524, 0.40055210526315793, 0.40399052631578947, 0.393171052631579, 0.4142231578947368, 0.40904736842105266, 0.41090368421052637, 0.4140726315789473, 0.40970736842105265, 0.40570526315789474, 0.40588105263157903, 0.41530736842105265, 0.42319473684210535, 0.4136526315789474, 0.9474936842105263, 0.949365789473684, 0.9490005263157894, 0.9484249999999999, 0.9480127777777777, 0.9477627777777775, 0.9489516666666665, 0.947616111111111, 0.946936111111111, 0.9474527777777776, 0.9491435294117645, 0.9495729411764704, 0, 0, 0, 0, 0, 0, 0, 0, 0, 0, 0, 0, 0, 0, 0, 0, 0, 0, 0, 0, 0, 0, 0, 0, 0, 0, 0, 0, 0, 0, 0, 0, 0, 0, 0, 0, 0, 0, 0, 0, 0, 0, 0, 0, 0, 0, 0, 0, 0, 0, 0, 0, 0, 0, 0, 0, 0, 0, 0, 0, 0, 0, 0, 0, 0, 0, 0, 0, 0, 0, 0, 0, 0, 0, 0, 0, 0, 0, 0, 0, 0, 0, 0, 0, 0, 0, 0, 0, 0, 0, 0, 0, 0, 0, 0, 0, 0, 0, 0, 0, 0, 0, 0, 0, 0, 0, 0, 0, 0, 0, 0, 0, 0, 0, 0, 0, 0, 0, 0, 0, 0, 0, 0, 0, 0, 0, 0, 0, 0, 0, 0, 0, 0, 0, 0, 0, 0, 0, 0, 0, 0, 0, 0, 0, 0, 0, 0, 0, 0, 0, 0, 0, 0, 0, 0, 0, 0, 0, 0, 0, 0, 0]
AM_AT_FIRST_THEN_CL_TWO_LOSS_avgrecall_global AVG_max_line 0.9495729411764704
========
TWO_LOSS_WITH_AM_avgrecall_global AVG [-1.0, 0.7578204761904763, 0.734271875, 0.7234400000000002, 0.725875, 0.6991566666666666, 0.639712, 0.7054279999999998, 0.6982706666666668, 0.6659320000000001, 0.6583685714285714, 0.7013199999999998, 0.7231875, 0.6938233333333331, 0.7424645454545454, 0.7142145454545454, 0.8061245454545456, 0.8255320000000002, 0.8982009999999999, 0.8782460000000001, 0.902182, 0.8877944444444444, 0.8982044444444445, 0.8814844444444444, 0.9194855555555554, 0.9075266666666667, 0.8960522222222222, 0.8954333333333333, 0.8987525, 0.8862557142857143, 0.9112714285714285, 0.9174842857142858, 0.9020642857142857, 0.8951242857142858, 0.9089542857142856, 0.9082857142857143, 0.8859, 0.8819757142857142, 0, 0, 0, 0, 0, 0, 0, 0, 0, 0, 0, 0, 0, 0, 0, 0, 0, 0, 0, 0, 0, 0, 0, 0, 0, 0, 0, 0, 0, 0, 0, 0, 0, 0, 0, 0, 0, 0, 0, 0, 0, 0, 0, 0, 0, 0, 0, 0, 0, 0, 0, 0, 0, 0, 0, 0, 0, 0, 0, 0, 0, 0, 0, 0, 0, 0, 0, 0, 0, 0, 0, 0, 0, 0, 0, 0, 0, 0, 0, 0, 0, 0, 0, 0, 0, 0, 0, 0, 0, 0, 0, 0, 0, 0, 0, 0, 0, 0, 0, 0, 0, 0, 0, 0, 0, 0, 0, 0, 0, 0, 0, 0, 0, 0, 0, 0, 0, 0, 0, 0, 0, 0, 0, 0, 0, 0, 0, 0, 0, 0, 0, 0, 0, 0, 0, 0, 0, 0, 0, 0, 0, 0, 0, 0, 0, 0, 0, 0, 0, 0, 0, 0, 0, 0, 0, 0, 0, 0, 0, 0, 0, 0]
TWO_LOSS_WITH_AM_avgrecall_global AVG_max_line 0.9194855555555554
========
ONE_LOSS_WITH_AM_avgrecall_global AVG [-1.0, 0.7746809090909089, 0.7438714999999999, 0.7153400000000001, 0.7300099999999999, 0.7216247368421052, 0.7161821052631578, 0.7213484210526314, 0.7305684210526315, 0.7102426315789473, 0.7174057894736843, 0.7254768421052632, 0.7288655555555554, 0.7134372222222222, 0.7169522222222221, 0.7275547058823528, 0.7228447058823528, 0.7245270588235294, 0.728961875, 0.7243299999999999, 0.7290119999999998, 0.7088846666666665, 0.7115873333333333, 0.7274606666666668, 0.7285706666666667, 0.7169392857142858, 0.7495992857142857, 0.7380150000000001, 0.7280023076923077, 0.7265307692307693, 0.7077769230769231, 0.7402376923076923, 0.7329438461538461, 0.7322146153846154, 0.7251753846153846, 0.7345761538461539, 0.7303908333333334, 0.7345875, 0, 0, 0, 0, 0, 0, 0, 0, 0, 0, 0, 0, 0, 0, 0, 0, 0, 0, 0, 0, 0, 0, 0, 0, 0, 0, 0, 0, 0, 0, 0, 0, 0, 0, 0, 0, 0, 0, 0, 0, 0, 0, 0, 0, 0, 0, 0, 0, 0, 0, 0, 0, 0, 0, 0, 0, 0, 0, 0, 0, 0, 0, 0, 0, 0, 0, 0, 0, 0, 0, 0, 0, 0, 0, 0, 0, 0, 0, 0, 0, 0, 0, 0, 0, 0, 0, 0, 0, 0, 0, 0, 0, 0, 0, 0, 0, 0, 0, 0, 0, 0, 0, 0, 0, 0, 0, 0, 0, 0, 0, 0, 0, 0, 0, 0, 0, 0, 0, 0, 0, 0, 0, 0, 0, 0, 0, 0, 0, 0, 0, 0, 0, 0, 0, 0, 0, 0, 0, 0, 0, 0, 0, 0, 0, 0, 0, 0, 0, 0, 0, 0, 0, 0, 0, 0, 0, 0, 0, 0, 0, 0, 0]
ONE_LOSS_WITH_AM_avgrecall_global AVG_max_line 0.7746809090909089

